TimeIteration: 1	Time: 1	NormOfError: 2.5121479338940403e-15
0 5 10 15 20 25 30 
0 5.0000000000000018 10.000000000000002 15 20 25 30 

TimeIteration: 2	Time: 1.5	NormOfError: 1.2434497875801753e-14
0 7.5 15 22.5 30 37.5 45 
0 7.5000000000000018 15 22.500000000000007 29.999999999999993 37.499999999999993 45 

TimeIteration: 3	Time: 1.75	NormOfError: 1.9131948672901813e-14
0 8.75 17.5 26.25 35 43.75 52.5 
0 8.75 17.5 26.250000000000011 34.999999999999986 43.749999999999993 52.5 

TimeIteration: 4	Time: 1.875	NormOfError: 2.5618982671915014e-14
0 9.375 18.75 28.125 37.5 46.875 56.25 
0 9.375 18.75 28.125000000000014 37.499999999999979 46.875 56.25 

